# Epistasis

![book](./image/book_epistasis1.png)

![book](./image/book_epistasis2.png)

```
P1    : [0.640625 0.3125   0.046875]
P2    : [0.633125 0.329375 0.0375  ]

[ P ]
[[726. 256.  43.]
 [238. 245.  17.]
 [ 49.  26.   0.]]

[ P ]
[[0.45375  0.16     0.026875]
 [0.14875  0.153125 0.010625]
 [0.030625 0.01625  0.      ]]

[ Psi ]
[[0.4055957  0.21100586 0.02402344]
 [0.19785156 0.10292969 0.01171875]
 [0.02967773 0.01543945 0.00175781]]

[ Omega ]
[[ 0.0481543  -0.05100586  0.00285156]
 [-0.04910156  0.05019531 -0.00109375]
 [ 0.00094727  0.00081055 -0.00175781]]
 
D = 0.010649414062499942
```
```
N5      : [589. 756. 255.]
P2      : [1013.  527.   60.]

N5      : [0.368125 0.4725   0.159375]
P2      : [0.633125 0.329375 0.0375  ]

[ P ]
[[399. 170.  20.]
 [472. 255.  29.]
 [142. 102.  11.]]

[ P ]
[[0.249375 0.10625  0.0125  ]
 [0.295    0.159375 0.018125]
 [0.08875  0.06375  0.006875]]

[ Psi ]
[[0.23306914 0.12125117 0.01380469]
 [0.29915156 0.15562969 0.01771875]
 [0.1009043  0.05249414 0.00597656]]

[ Omega ]
[[ 0.01630586 -0.01500117 -0.00130469]
 [-0.00415156  0.00374531  0.00040625]
 [-0.0121543   0.01125586  0.00089844]]

D = 0.007665820312500002
```
```
N4      : [1069.  495.   36.]
P1      : [1025.  500.   75.]

N4      : [0.668125 0.309375 0.0225  ]
P1      : [0.640625 0.3125   0.046875]

[ P ]
[[686. 329.  54.]
 [317. 159.  19.]
 [ 22.  12.   2.]]

[ P ]
[[0.42875  0.205625 0.03375 ]
 [0.198125 0.099375 0.011875]
 [0.01375  0.0075   0.00125 ]]

[ Psi ]
[[0.42801758 0.20878906 0.03131836]
 [0.19819336 0.09667969 0.01450195]
 [0.01441406 0.00703125 0.00105469]]

[ Omega ]
[[ 7.32421875e-04 -3.16406250e-03  2.43164063e-03]
 [-6.83593750e-05  2.69531250e-03 -2.62695313e-03]
 [-6.64062500e-04  4.68750000e-04  1.95312500e-04]]

D = -0.00020996093749994435
```
```
N12     : [929. 577.  94.]
P2      : [1013.  527.   60.]

N12     : [0.580625 0.360625 0.05875 ]
P2      : [0.633125 0.329375 0.0375  ]

[ P ]
[[597. 295.  37.]
 [351. 207.  19.]
 [ 65.  25.   4.]]

[ P ]
[[0.373125 0.184375 0.023125]
 [0.219375 0.129375 0.011875]
 [0.040625 0.015625 0.0025  ]]

[ Psi ]
[[0.3676082  0.19124336 0.02177344]
 [0.2283207  0.11878086 0.01352344]
 [0.03719609 0.01935078 0.00220312]]

[ Omega ]
[[ 0.0055168  -0.00686836  0.00135156]
 [-0.0089457   0.01059414 -0.00164844]
 [ 0.00342891 -0.00372578  0.00029688]]

D = 0.0002583007812500225
```
